39
3

0.2
124.5459

0.4
64.07544

0.6
43.78105

0.8
33.56718

1.0
27.4

2.0
14.88528

4.0
8.4

6.0
6.139388

8.0
4.967223

10.0
4.241518

20.0
2.696464

30.0
2.126323

40.0
1.819162

50.0
1.623396

60.0
1.486031

70.0
1.383431

80.0
1.303362

90.0
1.238813

100.0
1.185455

200.0
0.916245

300.0
0.807502

400.0
0.745714

500.0
0.704842

600.0
0.675341

700.0
0.652805

800.0
0.634888

900.0
0.620215

1000.0
0.607921

2000.0
0.54323

4000.0
0.499392

6000.0
0.480472

8000.0
0.46934

10000.0
0.461806

20000.0
0.443329

40000.0
0.430451

60000.0
0.424795

80000.0
0.421438

100000.0
0.419154

200000.0
0.413506