  0.10000000000000001     
  0.10128043546965290     
  0.10255288543530332     
  0.10381754830642873     
  0.10507461410998568     
  0.10632426498839047     
  0.10756667565970698     
  0.10880201384351151     
  0.11003044065553200     
  0.11125211097383317     
  0.11246717377903126     
  0.11367577247076906     
  0.11487804516245786     
  0.11607412495609473     
  0.11726414019878745     
  0.11844821472246317     
  0.11962646806809751     
  0.12079901569567633     
  0.12196596918099142     
  0.12312743640027196     
  0.12428352170356399     
  0.12543432607769051     
  0.12657994729955216     
  0.12772048008046383     
  0.12885601620216383     
  0.12998664464507917     
  0.13111245170938260     
  0.13223352112933368     
  0.13334993418135677     
  0.13446176978627281     
  0.13556910460606941     
  0.13667201313556410     
  0.13777056778928828     
  0.13886483898389532     
  0.13995489521637272     
  0.14104080313831902     
  0.14212262762652553     
  0.14320043185008735     
  0.14427427733425091     
  0.14534422402119135     
  0.14641033032789955     
  0.14747265320134609     
  0.14853124817107807     
  0.14958616939939443     
  0.15063746972923539     
  0.15168520072991301     
  0.15272941274080132     
  0.15377015491309701     
  0.15480747524975458     
  0.15584142064369294     
  0.15687203691436499     
  0.15789936884277539     
  0.15892346020502698     
  0.15994435380447111     
  0.16096209150253279     
  0.16197671424827720     
  0.16298826210678022     
  0.16399677428636222     
  0.16500228916474019     
  0.16600484431415111     
  0.16700447652549558     
  0.16800122183154853     
  0.16899511552928093     
  0.16998619220133393     
  0.17097448573668492     
  0.17196002935054239     
  0.17294285560350497     
  0.17392299642001768     
  0.17490048310615677     
  0.17587534636677341     
  0.17684761632202375     
  0.17781732252331300     
  0.17878449396867804     
  0.17974915911763339     
  0.18071134590550311     
  0.18167108175726024     
  0.18262839360089470     
  0.18358330788032926     
  0.18453585056790200     
  0.18548604717643324     
  0.18643392277089385     
  0.18737950197969092     
  0.18832280900558615     
  0.18926386763626166     
  0.19020270125454697     
  0.19113933284832060     
  0.19207378502009875     
  0.19300607999632341     
  0.19393623963636111     
  0.19486428544122356     
  0.19579023856202060     
  0.19671411980815551     
  0.19763594965527223     
  0.19855574825296382     
  0.19947353543225074     
  0.20038933071283752     
  0.20130315331015575     
  0.20221502214220105     
  0.20312495583617163     
  0.20403297273491502     
  0.20493909090319037     
  0.20584332813375214     
  0.20674570195326189     
  0.20764622962803389     
  0.20854492816962025     
  0.20944181434024114     
  0.21033690465806534     
  0.21123021540234613     
  0.21212176261841739     
  0.21301156212255459     
  0.21389962950670505     
  0.21478598014309189     
  0.21567062918869576     
  0.21655359158961826     
  0.21743488208533093     
  0.21831451521281345     
  0.21919250531058465     
  0.22006886652262966     
  0.22094361280222652     
  0.22181675791567526     
  0.22268831544593284     
  0.22355829879615641     
  0.22442672119315804     
  0.22529359569077359     
  0.22615893517314808     
  0.22702275235794059     
  0.22788505979945040     
  0.22874586989166754     
  0.22960519487124931     
  0.23046304682042540     
  0.23131943766983343     
  0.23217437920128722     
  0.23302788305047947     
  0.23387996070962094     
  0.23473062353001792     
  0.23557988272458968     
  0.23642774937032773     
  0.23727423441069848     
  0.23811934865799075     
  0.23896310279561009     
  0.23980550738032083     
  0.24064657284443783     
  0.24148630949796893     
  0.24232472753070977     
  0.24316183701429200     
  0.24399764790418635     
  0.24483217004166163     
  0.24566541315570106     
  0.24649738686487682     
  0.24732810067918401     
  0.24815756400183531     
  0.24898578613101699     
  0.24981277626160772     
  0.25063854348686065     
  0.25146309680005036     
  0.25228644509608472     
  0.25310859717308365     
  0.25392956173392456     
  0.25474934738775601     
  0.25556796265148018     
  0.25638541595120501     
  0.25720171562366639     
  0.25801686991762196     
  0.25883088699521628     
  0.25964377493331886     
  0.26045554172483520     
  0.26126619527999168     
  0.26207574342759515     
  0.26288419391626749     
  0.26369155441565578     
  0.26449783251761910     
  0.26530303573739200     
  0.26610717151472524     
  0.26691024721500500     
  0.26771227013034998     
  0.26851324748068800     
  0.26931318641481172     
  0.27011209401141456     
  0.27090997728010702     
  0.27170684316241372     
  0.27250269853275205     
  0.27329755019939223     
  0.27409140490539996     
  0.27488426932956123     
  0.27567615008729052     
  0.27646705373152192     
  0.27725698675358434     
  0.27804595558406070     
  0.27883396659363147     
  0.27962102609390321     
  0.28040714033822206     
  0.28119231552247276     
  0.28197655778586345     
  0.28275987321169660     
  0.28354226782812636     
  0.28432374760890244     
  0.28510431847410100     
  0.28588398629084300     
  0.28666275687399984     
  0.28744063598688696     
  0.28821762934194534     
  0.28899374260141142     
  0.28976898137797547     
  0.29054335123542896     
  0.29131685768930066     
  0.29208950620748220     
  0.29286130221084311     
  0.29363225107383534     
  0.29440235812508797     
  0.29517162864799190     
  0.29594006788127480     
  0.29670768101956663     
  0.29747447321395587     
  0.29824044957253665     
  0.29900561516094692     
  0.29976997500289793     
  0.30053353408069500     
  0.30129629733575009     
  0.30205826966908600     
  0.30281945594183246     
  0.30357986097571438     
  0.30433948955353246     
  0.30509834641963596     
  0.30585643628038811     
  0.30661376380462418     
  0.30737033362410249     
  0.30812615033394825     
  0.30888121849309058     
  0.30963554262469262     
  0.31038912721657519     
  0.31114197672163391     
  0.31189409555824971     
  0.31264548811069331     
  0.31339615872952348     
  0.31414611173197921     
  0.31489535140236596     
  0.31564388199243620     
  0.31639170772176406     
  0.31713883277811450     
  0.31788526131780698     
  0.31863099746607376     
  0.31937604531741270     
  0.32012040893593507     
  0.32086409235570823     
  0.32160709958109313     
  0.32234943458707704     
  0.32309110131960145     
  0.32383210369588500     
  0.32457244560474202     
  0.32531213090689631     
  0.32605116343529050     
  0.32678954699539087     
  0.32752728536548797     
  0.32826438229699295     
  0.32900084151472953     
  0.32973666671722190     
  0.33047186157697889     
  0.33120642974077363     
  0.33194037482991973     
  0.33267370044054334     
  0.33340641014385153     
  0.33413850748639701     
  0.33486999599033918     
  0.33560087915370146     
  0.33633116045062522     
  0.33706084333162029     
  0.33778993122381179     
  0.33851842753118394     
  0.33924633563482032     
  0.33997365889314113     
  0.34070040064213691     
  0.34142656419559941     
  0.34215215284534939     
  0.34287716986146116     
  0.34360161849248427     
  0.34432550196566231     
  0.34504882348714866     
  0.34577158624221965     
  0.34649379339548469     
  0.34721544809109367     
  0.34793655345294189     
  0.34865711258487192     
  0.34937712857087327     
  0.35009660447527924     
  0.35081554334296128     
  0.35153394819952072     
  0.35225182205147837     
  0.35296916788646132     
  0.35368598867338774     
  0.35440228736264900     
  0.35511806688628961     
  0.35583333015818491     
  0.35654808007421662     
  0.35726231951244591     
  0.35797605133328464     
  0.35868927837966413     
  0.35940200347720219     
  0.36011422943436772     
  0.36082595904264347     
  0.36153719507668686     
  0.36224794029448859     
  0.36295819743752955     
  0.36366796923093564     
  0.36437725838363083     
  0.36508606758848816     
  0.36579439952247922     
  0.36650225684682153     
  0.36720964220712426     
  0.36791655823353231     
  0.36862300754086830     
  0.36932899272877345     
  0.37003451638184615     
  0.37073958106977939     
  0.37144418934749618     
  0.37214834375528366     
  0.37285204681892548     
  0.37355530104983259     
  0.37425810894517259     
  0.37496047298799756     
  0.37566239564737042     
  0.37636387937848959     
  0.37706492662281260     
  0.37776553980817795     
  0.37846572134892564     
  0.37916547364601649     
  0.37986479908714976     
  0.38056370004687978     
  0.38126217888673097     
  0.38196023795531175     
  0.38265787958842695     
  0.38335510610918927     
  0.38405191982812903     
  0.38474832304330309     
  0.38544431804040236     
  0.38613990709285811     
  0.38683509246194725     
  0.38752987639689607     
  0.38822426113498321     
  0.38891824890164134     
  0.38961184191055770     
  0.39030504236377350     
  0.39099785245178237     
  0.39169027435362758     
  0.39238231023699821     
  0.39307396225832442     
  0.39376523256287144     
  0.39445612328483276     
  0.39514663654742227     
  0.39583677446296522     
  0.39652653913298841     
  0.39721593264830940     
  0.39790495708912460     
  0.39859361452509662     
  0.39928190701544047     
  0.39996983660900909     
  0.40065740534437772     
  0.40134461524992759     
  0.40203146834392861     
  0.40271796663462123     
  0.40340411212029736     
  0.40408990678938056     
  0.40477535262050535     
  0.40546045158259564     
  0.40614520563494244     
  0.40682961672728063     
  0.40751368679986505     
  0.40819741778354579     
  0.40888081159984263     
  0.40956387016101886     
  0.41024659537015412     
  0.41092898912121673     
  0.41161105329913505     
  0.41229278977986833     
  0.41297420043047683     
  0.41365528710919092     
  0.41433605166547988     
  0.41501649594011986     
  0.41569662176526095     
  0.41637643096449395     
  0.41705592535291619     
  0.41773510673719672     
  0.41841397691564103     
  0.41909253767825494     
  0.41977079080680796     
  0.42044873807489597     
  0.42112638124800328     
  0.42180372208356415     
  0.42248076233102355     
  0.42315750373189748     
  0.42383394801983276     
  0.42451009692066588     
  0.42518595215248178     
  0.42586151542567158     
  0.42653678844299014     
  0.42721177289961276     
  0.42788647048319151     
  0.42856088287391103     
  0.42923501174454365     
  0.42990885876050405     
  0.43058242557990362     
  0.43125571385360384     
  0.43192872522526948     
  0.43260146133142136     
  0.43327392380148827     
  0.43394611425785884     
  0.43461803431593238     
  0.43528968558416981     
  0.43596106966414372     
  0.43663218815058807     
  0.43730304263144759     
  0.43797363468792638     
  0.43864396589453636     
  0.43931403781914508     
  0.43998385202302331     
  0.44065341006089193     
  0.44132271348096841     
  0.44199176382501326     
  0.44266056262837539     
  0.44332911142003767     
  0.44399741172266172     
  0.44466546505263238     
  0.44533327292010177     
  0.44600083682903297     
  0.44666815827724338     
  0.44733523875644743     
  0.44800207975229928     
  0.44866868274443478     
  0.44933504920651324     
  0.45000118060625882     
  0.45066707840550146     
  0.45133274406021762     
  0.45199817902057038     
  0.45266338473094953     
  0.45332836263001092     
  0.45399311415071575     
  0.45465764072036952     
  0.45532194376066037     
  0.45598602468769733     
  0.45664988491204817     
  0.45731352583877682     
  0.45797694886748069     
  0.45864015539232744     
  0.45930314680209139     
  0.45996592448018997     
  0.46062848980471938     
  0.46129084414849036     
  0.46195298887906339     
  0.46261492535878368     
  0.46327665494481579     
  0.46393817898917805     
  0.46459949883877671     
  0.46526061583543959     
  0.46592153131594971     
  0.46658224661207842     
  0.46724276305061840     
  0.46790308195341618     
  0.46856320463740470     
  0.46922313241463531     
  0.46988286659230960     
  0.47054240847281104     
  0.47120175935373620     
  0.47186092052792578     
  0.47251989328349547     
  0.47317867890386645     
  0.47383727866779557     
  0.47449569384940549     
  0.47515392571821430     
  0.47581197553916521     
  0.47646984457265573     
  0.47712753407456671     
  0.47778504529629118     
  0.47844237948476276     
  0.47909953788248422     
  0.47975652172755540     
  0.48041333225370109     
  0.48106997069029872     
  0.48172643826240580     
  0.48238273619078703     
  0.48303886569194132     
  0.48369482797812846     
  0.48435062425739572     
  0.48500625573360423     
  0.48566172360645499     
  0.48631702907151481     
  0.48697217332024195     
  0.48762715754001168     
  0.48828198291414160     
  0.48893665062191655     
  0.48959116183861362     
  0.49024551773552683     
  0.49089971947999167     
  0.49155376823540919     
  0.49220766516127035     
  0.49286141141317980     
  0.49351500814287963     
  0.49416845649827290     
  0.49482175762344699     
  0.49547491265869686     
  0.49612792274054790     
  0.49678078900177886     
  0.49743351257144447     
  0.49808609457489778     
  0.49873853613381264     
  0.49939083836620568     
  0.50004300238645827     
  0.50069502930533827     
  0.50134692023002181     
  0.50199867626411454     
  0.50265029850767307     
  0.50330178805722581     
  0.50395314600579411     
  0.50460437344291320     
  0.50525547145465255     
  0.50590644112363659     
  0.50655728352906471     
  0.50720799974673181     
  0.50785859084904816     
  0.50850905790505918     
  0.50915940198046528     
  0.50980962413764142     
  0.51045972543565632     
  0.51110970693029212     
  0.51175956967406322     
  0.51240931471623541     
  0.51305894310284472     
  0.51370845587671587     
  0.51435785407748136     
  0.51500713874159942     
  0.51565631090237263     
  0.51630537158996581     
  0.51695432183142420     
  0.51760316265069151     
  0.51825189506862746     
  0.51890052010302534     
  0.51954903876862990     
  0.52019745207715440     
  0.52084576103729785     
  0.52149396665476244     
  0.52214206993227030     
  0.52279007186958038     
  0.52343797346350529     
  0.52408577570792803     
  0.52473347959381822     
  0.52538108610924872     
  0.52602859623941189     
  0.52667601096663585     
  0.52732333127040032     
  0.52797055812735261     
  0.52861769251132351     
  0.52926473539334307     
  0.52991168774165587     
  0.53055855052173706     
  0.53120532469630721     
  0.53185201122534775     
  0.53249861106611640     
  0.53314512517316182     
  0.53379155449833871     
  0.53443789999082270     
  0.53508416259712521     
  0.53573034326110780     
  0.53637644292399689     
  0.53702246252439811     
  0.53766840299831076     
  0.53831426527914195     
  0.53896005029772076     
  0.53960575898231222     
  0.54025139225863139     
  0.54089695104985691     
  0.54154243627664511     
  0.54218784885714355     
  0.54283318970700445     
  0.54347845973939812     
  0.54412365986502675     
  0.54476879099213715     
  0.54541385402653431     
  0.54605884987159448     
  0.54670377942827786     
  0.54734864359514201     
  0.54799344326835431     
  0.54863817934170489     
  0.54928285270661925     
  0.54992746425217076     
  0.55057201486509344     
  0.55121650542979395     
  0.55186093682836423     
  0.55250530994059377     
  0.55314962564398162     
  0.55379388481374836     
  0.55443808832284847     
  0.55508223704198190     
  0.55572633183960618     
  0.55637037358194807     
  0.55701436313301511     
  0.55765830135460748     
  0.55830218910632945     
  0.55894602724560072     
  0.55958981662766794     
  0.56023355810561604     
  0.56087725253037934     
  0.56152090075075278     
  0.56216450361340298     
  0.56280806196287925     
  0.56345157664162471     
  0.56409504848998682     
  0.56473847834622859     
  0.56538186704653892     
  0.56602521542504347     
  0.56666852431381531     
  0.56731179454288538     
  0.56795502694025279     
  0.56859822233189550     
  0.56924138154178050     
  0.56988450539187396     
  0.57052759470215164     
  0.57117065029060876     
  0.57181367297327046     
  0.57245666356420133     
  0.57309962287551564     
  0.57374255171738719     
  0.57438545089805904     
  0.57502832122385328     
  0.57567116349918079     
  0.57631397852655075     
  0.57695676710658028     
  0.57759953003800391     
  0.57824226811768309     
  0.57888498214061546     
  0.57952767289994433     
  0.58017034118696775     
  0.58081298779114798     
  0.58145561350012032     
  0.58209821909970261     
  0.58274080537390383     
  0.58338337310493349     
  0.58402592307321033     
  0.58466845605737117     
  0.58531097283427980     
  0.58595347417903587     
  0.58659596086498345     
  0.58723843366371953     
  0.58788089334510307     
  0.58852334067726308     
  0.58916577642660750     
  0.58980820135783141     
  0.59045061623392547     
  0.59109302181618428     
  0.59173541886421477     
  0.59237780813594443     
  0.59302019038762921     
  0.59366256637386217     
  0.59430493684758101     
  0.59494730256007666     
  0.59558966426100102     
  0.59623202269837472     
  0.59687437861859549     
  0.59751673276644546     
  0.59815908588509947     
  0.59880143871613267     
  0.59944379199952802     
  0.60008614647368419     
  0.60072850287542323     
  0.60137086193999789     
  0.60201322440109939     
  0.60265559099086485     
  0.60329796243988465     
  0.60394033947720993     
  0.60458272283036008     
  0.60522511322532968     
  0.60586751138659600     
  0.60650991803712639     
  0.60715233389838508     
  0.60779475969034069     
  0.60843719613147318     
  0.60907964393878089     
  0.60972210382778758     
  0.61036457651254938     
  0.61100706270566185     
  0.61164956311826679     
  0.61229207846005906     
  0.61293460943929345     
  0.61357715676279156     
  0.61421972113594836     
  0.61486230326273894     
  0.61550490384572532     
  0.61614752358606295     
  0.61679016318350721     
  0.61743282333642024     
  0.61807550474177719     
  0.61871820809517275     
  0.61936093409082771     
  0.62000368342159518     
  0.62064645677896724     
  0.62128925485308095     
  0.62193207833272479     
  0.62257492790534497     
  0.62321780425705164     
  0.62386070807262506     
  0.62450364003552150     
  0.62514660082787987     
  0.62578959113052746     
  0.62643261162298602     
  0.62707566298347783     
  0.62771874588893162     
  0.62836186101498881     
  0.62900500903600887     
  0.62964819062507582     
  0.63029140645400361     
  0.63093465719334219     
  0.63157794351238317     
  0.63222126607916573     
  0.63286462556048217     
  0.63350802262188388     
  0.63415145792768646     
  0.63479493214097604     
  0.63543844592361431     
  0.63608199993624437     
  0.63672559483829627     
  0.63736923128799239     
  0.63801290994235305     
  0.63865663145720186     
  0.63930039648717119     
  0.63994420568570753     
  0.64058805970507682     
  0.64123195919636999     
  0.64187590480950785     
  0.64251989719324687     
  0.64316393699518393     
  0.64380802486176192     
  0.64445216143827477     
  0.64509634736887256     
  0.64574058329656669     
  0.64638486986323518     
  0.64702920770962746     
  0.64767359747536957     
  0.64831803979896907     
  0.64896253531782033     
  0.64960708466820904     
  0.65025168848531756     
  0.65089634740322977     
  0.65154106205493567     
  0.65218583307233668     
  0.65283066108625010     
  0.65347554672641417     
  0.65412049062149269     
  0.65476549339907997     
  0.65541055568570550     
  0.65605567810683851     
  0.65670086128689287     
  0.65734610584923170     
  0.65799141241617198     
  0.65863678160898909     
  0.65928221404792164     
  0.65992771035217568     
  0.66057327113992970     
  0.66121889702833869     
  0.66186458863353903     
  0.66251034657065278     
  0.66315617145379202     
  0.66380206389606355     
  0.66444802450957308     
  0.66509405390542964     
  0.66574015269375009     
  0.66638632148366328     
  0.66703256088331464     
  0.66767887149987004     
  0.66832525393952047     
  0.66897170880748602     
  0.66961823670802034     
  0.67026483824441463     
  0.67091151401900206     
  0.67155826463316171     
  0.67220509068732270     
  0.67285199278096874     
  0.67349897151264160     
  0.67414602747994568     
  0.67479316127955191     
  0.67544037350720176     
  0.67608766475771132     
  0.67673503562497517     
  0.67738248670197043     
  0.67803001858076106     
  0.67867763185250118     
  0.67932532710743943     
  0.67997310493492269     
  0.68062096592340016     
  0.68126891066042694     
  0.68191693973266809     
  0.68256505372590248     
  0.68321325322502635     
  0.68386153881405731     
  0.68450991107613812     
  0.68515837059354034     
  0.68580691794766813     
  0.68645555371906186     
  0.68710427848740196     
  0.68775309283151254     
  0.68840199732936491     
  0.68905099255808133     
  0.68970007909393893     
  0.69034925751237275     
  0.69099852838797959     
  0.69164789229452184     
  0.69229734980493074     
  0.69294690149130977     
  0.69359654792493874     
  0.69424628967627655     
  0.69489612731496531     
  0.69554606140983355     
  0.69619609252889958     
  0.69684622123937512     
  0.69749644810766853     
  0.69814677369938838     
  0.69879719857934686     
  0.69944772331156291     
  0.70009834845926577     
  0.70074907458489843     
  0.70139990225012061     
  0.70205083201581231     
  0.70270186444207716     
  0.70335300008824553     
  0.70400423951287772     
  0.70465558327376754     
  0.70530703192794530     
  0.70595858603168093     
  0.70661024614048740     
  0.70726201280912382     
  0.70791388659159871     
  0.70856586804117283     
  0.70921795771036278     
  0.70987015615094362     
  0.71052246391395257     
  0.71117488154969155     
  0.71182740960773061     
  0.71248004863691083     
  0.71313279918534755     
  0.71378566180043312     
  0.71443863702884025     
  0.71509172541652477     
  0.71574492750872887     
  0.71639824384998374     
  0.71705167498411293     
  0.71770522145423499     
  0.71835888380276669     
  0.71901266257142560     
  0.71966655830123338     
  0.72032057153251838     
  0.72097470280491882     
  0.72162895265738547     
  0.72228332162818443     
  0.72293781025490023     
  0.72359241907443850     
  0.72424714862302875     
  0.72490199943622746     
  0.72555697204892056     
  0.72621206699532626     
  0.72686728480899809     
  0.72752262602282747     
  0.72817809116904630     
  0.72883368077923005     
  0.72948939538430013     
  0.73014523551452692     
  0.73080120169953222     
  0.73145729446829200     
  0.73211351434913929     
  0.73276986186976667     
  0.73342633755722864     
  0.73408294193794488     
  0.73473967553770236     
  0.73539653888165823     
  0.73605353249434224     
  0.73671065689965942     
  0.73736791262089274     
  0.73802530018070567     
  0.73868282010114461     
  0.73934047290364158     
  0.73999825910901651     
  0.74065617923748017     
  0.74131423380863637     
  0.74197242334148450     
  0.74263074835442211     
  0.74328920936524745     
  0.74394780689116180     
  0.74460654144877192     
  0.74526541355409270     
  0.74592442372254941     
  0.74658357246898011     
  0.74724286030763820     
  0.74790228775219492     
  0.74856185531574138     
  0.74922156351079117     
  0.74988141284928289     
  0.75054140384258239     
  0.75120153700148495     
  0.75186181283621778     
  0.75252223185644251     
  0.75318279457125714     
  0.75384350148919888     
  0.75450435311824582     
  0.75516534996581974     
  0.75582649253878831     
  0.75648778134346706     
  0.75714921688562209     
  0.75781079967047194     
  0.75847253020269001     
  0.75913440898640694     
  0.75979643652521256     
  0.76045861332215825     
  0.76112093987975915     
  0.76178341669999650     
  0.76244604428431950     
  0.76310882313364770     
  0.76377175374837336     
  0.76443483662836320     
  0.76509807227296089     
  0.76576146118098898     
  0.76642500385075130     
  0.76708870078003477     
  0.76775255246611174     
  0.76841655940574194     
  0.76908072209517486     
  0.76974504103015162     
  0.77040951670590696     
  0.77107414961717169     
  0.77173894025817436     
  0.77240388912264357     
  0.77306899670380980     
  0.77373426349440777     
  0.77439968998667830     
  0.77506527667237024     
  0.77573102404274263     
  0.77639693258856668     
  0.77706300280012774     
  0.77772923516722725     
  0.77839563017918489     
  0.77906218832484042     
  0.77972891009255563     
  0.78039579597021647     
  0.78106284644523483     
  0.78173006200455064     
  0.78239744313463355     
  0.78306499032148502     
  0.78373270405064044     
  0.78440058480717079     
  0.78506863307568453     
  0.78573684934032961     
  0.78640523408479535     
  0.78707378779231429     
  0.78774251094566416     
  0.78841140402716958     
  0.78908046751870398     
  0.78974970190169169     
  0.79041910765710943     
  0.79108868526548826     
  0.79175843520691558     
  0.79242835796103683     
  0.79309845400705736     
  0.79376872382374397     
  0.79443916788942726     
  0.79510978668200283     
  0.79578058067893342     
  0.79645155035725079     
  0.79712269619355713     
  0.79779401866402710     
  0.79846551824440948     
  0.79913719541002903     
  0.79980905063578811     
  0.80048108439616850     
  0.80115329716523309     
  0.80182568941662780     
  0.80249826162358295     
  0.80317101425891513     
  0.80384394779502910     
  0.80451706270391932     
  0.80519035945717155     
  0.80586383852596466     
  0.80653750038107241     
  0.80721134549286488     
  0.80788537433131036     
  0.80855958736597677     
  0.80923398506603372     
  0.80990856790025378     
  0.81058333633701429     
  0.81125829084429890     
  0.81193343188969924     
  0.81260875994041670     
  0.81328427546326387     
  0.81395997892466621     
  0.81463587079066357     
  0.81531195152691194     
  0.81598822159868489     
  0.81666468147087545     
  0.81734133160799727     
  0.81801817247418640     
  0.81869520453320310     
  0.81937242824843293     
  0.82004984408288872     
  0.82072745249921197     
  0.82140525395967423     
  0.82208324892617890     
  0.82276143786026279     
  0.82343982122309733     
  0.82411839947549037     
  0.82479717307788758     
  0.82547614249037404     
  0.82615530817267580     
  0.82683467058416116     
  0.82751423018384229     
  0.82819398743037687     
  0.82887394278206927     
  0.82955409669687241     
  0.83023444963238890     
  0.83091500204587254     
  0.83159575439423006     
  0.83227670713402224     
  0.83295786072146571     
  0.83363921561243393     
  0.83432077226245915     
  0.83500253112673362     
  0.83568449266011080     
  0.83636665731710713     
  0.83704902555190341     
  0.83773159781834594     
  0.83841437456994827     
  0.83909735625989235     
  0.83978054334103014     
  0.84046393626588478     
  0.84114753548665222     
  0.84183134145520244     
  0.84251535462308091     
  0.84319957544150992     
  0.84388400436138999     
  0.84456864183330116     
  0.84525348830750457     
  0.84593854423394355     
  0.84662381006224507     
  0.84730928624172108     
  0.84799497322137007     
  0.84868087144987792     
  0.84936698137561972     
  0.85005330344666086     
  0.85073983811075848     
  0.85142658581536257     
  0.85211354700761743     
  0.85280072213436309     
  0.85348811164213645     
  0.85417571597717257     
  0.85486353558540618     
  0.85555157091247258     
  0.85623982240370944     
  0.85692829050415764     
  0.85761697565856276     
  0.85830587831137628     
  0.85899499890675690     
  0.85968433788857190     
  0.86037389570039813     
  0.86106367278552354     
  0.86175366958694821     
  0.86244388654738591     
  0.86313432410926494     
  0.86382498271472963     
  0.86451586280564152     
  0.86520696482358062     
  0.86589828920984646     
  0.86658983640545972     
  0.86728160685116307     
  0.86797360098742238     
  0.86866581925442821     
  0.86935826209209677     
  0.87005092994007116     
  0.87074382323772281     
  0.87143694242415237     
  0.87213028793819092     
  0.87282386021840141     
  0.87351765970307960     
  0.87421168683025519     
  0.87490594203769345     
  0.87560042576289576     
  0.87629513844310114     
  0.87699008051528748     
  0.87768525241617246     
  0.87838065458221493     
  0.87907628744961575     
  0.87977215145431920     
  0.88046824703201421     
  0.88116457461813513     
  0.88186113464786331     
  0.88255792755612772     
  0.88325495377760654     
  0.88395221374672817     
  0.88464970789767206     
  0.88534743666437032     
  0.88604540048050828     
  0.88674359977952621     
  0.88744203499461982     
  0.88814070655874178     
  0.88883961490460262     
  0.88953876046467184     
  0.89023814367117926     
  0.89093776495611576     
  0.89163762475123454     
  0.89233772348805207     
  0.89303806159784926     
  0.89373863951167276     
  0.89443945766033561     
  0.89514051647441850     
  0.89584181638427096     
  0.89654335782001215     
  0.89724514121153220     
  0.89794716698849308     
  0.89864943558032961     
  0.89935194741625080     
  0.90005470292524048     
  0.90075770253605869     
  0.90146094667724241     
  0.90216443577710703     
  0.90286817026374688     
  0.90357215056503659     
  0.90427637710863207     
  0.90498085032197129     
  0.90568557063227562     
  0.90639053846655071     
  0.90709575425158739     
  0.90780121841396288     
  0.90850693138004179     
  0.90921289357597679     
  0.90991910542771004     
  0.91062556736097389     
  0.91133227980129206     
  0.91203924317398044     
  0.91274645790414821     
  0.91345392441669893     
  0.91416164313633130     
  0.91486961448754012     
  0.91557783889461752     
  0.91628631678165373     
  0.91699504857253800     
  0.91770403469095974     
  0.91841327556040941     
  0.91912277160417954     
  0.91983252324536546     
  0.92054253090686655     
  0.92125279501138690     
  0.92196331598143655     
  0.92267409423933222     
  0.92338513020719837     
  0.92409642430696803     
  0.92480797696038386     
  0.92551978858899897     
  0.92623185961417798     
  0.92694419045709775     
  0.92765678153874853     
  0.92836963327993482     
  0.92908274610127606     
  0.92979612042320781     
  0.93050975666598268     
  0.93122365524967099     
  0.93193781659416197     
  0.93265224111916456     
  0.93336692924420805     
  0.93408188138864345     
  0.93479709797164412     
  0.93551257941220656     
  0.93622832612915141     
  0.93694433854112458     
  0.93766061706659787     
  0.93837716212386979     
  0.93909397413106654     
  0.93981105350614302     
  0.94052840066688359     
  0.94124601603090297     
  0.94196390001564689     
  0.94268205303839336     
  0.94340047551625328     
  0.94411916786617134     
  0.94483813050492693     
  0.94555736384913491     
  0.94627686831524660     
  0.94699664431955044     
  0.94771669227817312     
  0.94843701260708002     
  0.94915760572207664     
  0.94987847203880882     
  0.95059961197276399     
  0.95132102593927181     
  0.95204271435350529     
  0.95276467763048112     
  0.95348691618506098     
  0.95420943043195217     
  0.95493222078570850     
  0.95565528766073093     
  0.95637863147126867     
  0.95710225263141979     
  0.95782615155513207     
  0.95855032865620393     
  0.95927478434828517     
  0.95999951904487779     
  0.96072453315933670     
  0.96144982710487081     
  0.96217540129454338     
  0.96290125614127320     
  0.96362739205783532     
  0.96435380945686167     
  0.96508050875084206     
  0.96580749035212499     
  0.96653475467291816     
  0.96726230212528952     
  0.96799013312116799     
  0.96871824807234430     
  0.96944664739047159     
  0.97017533148706625     
  0.97090430077350898     
  0.97163355566104515     
  0.97236309656078590     
  0.97309292388370860     
  0.97382303804065784     
  0.97455343944234629     
  0.97528412849935520     
  0.97601510562213523     
  0.97674637122100738     
  0.97747792570616365     
  0.97820976948766769     
  0.97894190297545558     
  0.97967432657933684     
  0.98040704070899487     
  0.98114004577398783     
  0.98187334218374944     
  0.98260693034758950     
  0.98334081067469503     
  0.98407498357413048     
  0.98480944945483895     
  0.98554420872564263     
  0.98627926179524383     
  0.98701460907222527     
  0.98775025096505120     
  0.98848618788206799     
  0.98922242023150475     
  0.98995894842147425     
  0.99069577285997357     
  0.99143289395488476     
  0.99217031211397566     
  0.99290802774490050     
  0.99364604125520073     
  0.99438435305230555     
  0.99512296354353280     
  0.99586187313608976     
  0.99660108223707355     
  0.99734059125347219     
  0.99808040059216485     
  0.99882051065992306     
  0.99956092186341094     
   1.0003016346091864     
   1.0010426493037012     
   1.0017839663533026     
   1.0025255861642328     
   1.0032675091426306     
   1.0040097356945319     
   1.0047522662258699     
   1.0054951011424766     
   1.0062382408500827     
   1.0069816857543190     
   1.0077254362607162     
   1.0084694927747064     
   1.0092138557016235     
   1.0099585254467036     
   1.0107035024150861     
   1.0114487870118141     
   1.0121943796418351     
   1.0129402807100019     
   1.0136864906210730     
   1.0144330097797132     
   1.0151798385904947     
   1.0159269774578972     
   1.0166744267863090     
   1.0174221869800277     
   1.0181702584432601     
   1.0189186415801239     
   1.0196673367946476     
   1.0204163444907717     
   1.0211656650723486     
   1.0219152989431441     
   1.0226652465068375     
   1.0234155081670226     
   1.0241660843272080     
   1.0249169753908176     
   1.0256681817611921     
   1.0264197038415888     
   1.0271715420351824     
   1.0279236967450660     
   1.0286761683742514     
   1.0294289573256696     
   1.0301820640021719     
   1.0309354888065303     
   1.0316892321414377     
   1.0324432944095094     
   1.0331976760132833     
   1.0339523773552199     
   1.0347073988377042     
   1.0354627408630452     
   1.0362184038334770     
   1.0369743881511595     
   1.0377306942181788     
   1.0384873224365478     
   1.0392442732082070     
   1.0400015469350252     
   1.0407591440187995     
   1.0415170648612568     
   1.0422753098640538     
   1.0430338794287775     
   1.0437927739569461     
   1.0445519938500101     
   1.0453115395093517     
   1.0460714113362866     
   1.0468316097320638     
   1.0475921350978663     
   1.0483529878348121     
   1.0491141683439544     
   1.0498756770262827     
   1.0506375142827227     
   1.0513996805141370     
   1.0521621761213265     
   1.0529250015050300     
   1.0536881570659256     
   1.0544516432046303     
   1.0552154603217017     
   1.0559796088176376     
   1.0567440890928774     
   1.0575089015478023     
   1.0582740465827354     
   1.0590395245979434     
   1.0598053359936361     
   1.0605714811699676     
   1.0613379605270366     
   1.0621047744648870     
   1.0628719233835089     
   1.0636394076828384     
   1.0644072277627588     
   1.0651753840231006     
   1.0659438768636431     
   1.0667127066841136     
   1.0674818738841887     
   1.0682513788634951     
   1.0690212220216095     
   1.0697914037580598     
   1.0705619244723252     
   1.0713327845638372     
   1.0721039844319795     
   1.0728755244760892     
   1.0736474050954570     
   1.0744196266893276     
   1.0751921896569010     
   1.0759650943973322     
   1.0767383413097322     
   1.0775119307931682     
   1.0782858632466648     
   1.0790601390692038     
   1.0798347586597252     
   1.0806097224171276     
   1.0813850307402688     
   1.0821606840279661     
   1.0829366826789972     
   1.0837130270921007     
   1.0844897176659762     
   1.0852667547992854     
   1.0860441388906521     
   1.0868218703386632     
   1.0875999495418691     
   1.0883783768987840     
   1.0891571528078869     
   1.0899362776676216     
   1.0907157518763972     
   1.0914955758325893     
   1.0922757499345399     
   1.0930562745805585     
   1.0938371501689217     
   1.0946183770978746     
   1.0953999557656309     
   1.0961818865703736     
   1.0969641699102552     
   1.0977468061833990     
   1.0985297957878986     
   1.0993131391218187     
   1.1000968365831962     
   1.1008808885700405     
   1.1016652954803332     
   1.1024500577120298     
   1.1032351756630592     
   1.1040206497313250     
   1.1048064803147055     
   1.1055926678110544     
   1.1063792126182013     
   1.1071661151339520     
   1.1079533757560895     
   1.1087409948823739     
   1.1095289729105433     
   1.1103173102383141     
   1.1111060072633818     
   1.1118950643834213     
   1.1126844819960870     
   1.1134742604990140     
   1.1142644002898181     
   1.1150549017660967     
   1.1158457653254288     
   1.1166369913653760     
   1.1174285802834825     
   1.1182205324772760     
   1.1190128483442681     
   1.1198055282819546     
   1.1205985726878158     
   1.1213919819593179     
   1.1221857564939124     
   1.1229798966890374     
   1.1237744029421175     
   1.1245692756505645     
   1.1253645152117782     
   1.1261601220231461     
   1.1269560964820449     
   1.1277524389858400     
   1.1285491499318867     
   1.1293462297175305     
   1.1301436787401071     
   1.1309414973969436     
   1.1317396860853586     
   1.1325382452026622     
   1.1333371751461578     
   1.1341364763131412     
   1.1349361491009016     
   1.1357361939067223     
   1.1365366111278810     
   1.1373374011616499     
   1.1381385644052968     
   1.1389401012560851     
   1.1397420121112745     
   1.1405442973681212     
   1.1413469574238790     
   1.1421499926757988     
   1.1429534035211297     
   1.1437571903571198     
   1.1445613535810155     
   1.1453658935900632     
   1.1461708107815090     
   1.1469761055525991     
   1.1477817783005808     
   1.1485878294227030     
   1.1493942593162156     
   1.1502010683783714     
   1.1510082570064255     
   1.1518158255976361     
   1.1526237745492649     
   1.1534321042585778     
   1.1542408151228449     
   1.1550499075393417     
   1.1558593819053482     
   1.1566692386181510     
   1.1574794780750426     
   1.1582901006733222     
   1.1591011068102959     
   1.1599124968832779     
   1.1607242712895900     
   1.1615364304265625     
   1.1623489746915350     
   1.1631619044818557     
   1.1639752201948834     
   1.1647889222279866     
   1.1656030109785447     
   1.1664174868439481     
   1.1672323502215987     
   1.1680476015089103     
   1.1688632411033093     
   1.1696792694022351     
   1.1704956868031400     
   1.1713124937034900     
   1.1721296905007657     
   1.1729472775924616     
   1.1737652553760880     
   1.1745836242491701     
   1.1754023846092490     
   1.1762215368538820     
   1.1770410813806436     
   1.1778610185871250     
   1.1786813488709353     
   1.1795020726297014     
   1.1803231902610685     
   1.1811447021627008     
   1.1819666087322820     
   1.1827889103675151     
   1.1836116074661234     
   1.1844347004258509     
   1.1852581896444621     
   1.1860820755197434     
   1.1869063584495028     
   1.1877310388315703     
   1.1885561170637986     
   1.1893815935440639     
   1.1902074686702655     
   1.1910337428403264     
   1.1918604164521942     
   1.1926874899038413     
   1.1935149635932649     
   1.1943428379184882     
   1.1951711132775598     
   1.1959997900685548     
   1.1968288686895754     
   1.1976583495387507     
   1.1984882330142375     
   1.1993185195142204     
   1.2001492094369128     
   1.2009803031805566     
   1.2018118011434231     
   1.2026437037238131     
   1.2034760113200575     
   1.2043087243305175     
   1.2051418431535854     
   1.2059753681876846     
   1.2068092998312701     
   1.2076436384828291     
   1.2084783845408811     
   1.2093135384039786     
   1.2101491004707072     
   1.2109850711396863     
   1.2118214508095695     
   1.2126582398790444     
   1.2134954387468337     
   1.2143330478116954     
   1.2151710674724230     
   1.2160094981278460     
   1.2168483401768306     
   1.2176875940182799     
   1.2185272600511337     
   1.2193673386743697     
   1.2202078302870039     
   1.2210487352880901     
   1.2218900540767212     
   1.2227317870520296     
   1.2235739346131866     
   1.2244164971594043     
   1.2252594750899342     
   1.2261028688040692     
   1.2269466787011432     
   1.2277909051805314     
   1.2286355486416511     
   1.2294806094839621     
   1.2303260881069664     
   1.2311719849102092     
   1.2320183002932792     
   1.2328650346558090     
   1.2337121883974753     
   1.2345597619179995     
   1.2354077556171481     
   1.2362561698947323     
   1.2371050051506098     
   1.2379542617846839     
   1.2388039401969049     
   1.2396540407872694     
   1.2405045639558214     
   1.2413555101026530     
   1.2422068796279038     
   1.2430586729317619     
   1.2439108904144640     
   1.2447635324762965     
   1.2456165995175947     
   1.2464700919387441     
   1.2473240101401804     
   1.2481783545223899     
   1.2490331254859099     
   1.2498883234313292     
   1.2507439487592880     
   1.2516000018704789     
   1.2524564831656473     
   1.2533133930455906     
   1.2541707319111604     
   1.2550285001632613     
   1.2558866982028520     
   1.2567453264309456     
   1.2576043852486098     
   1.2584638750569674     
   1.2593237962571968     
   1.2601841492505321     
   1.2610449344382635     
   1.2619061522217376     
   1.2627678030023584     
   1.2636298871815868     
   1.2644924051609412     
   1.2653553573419982     
   1.2662187441263928     
   1.2670825659158187     
   1.2679468231120286     
   1.2688115161168345     
   1.2696766453321084     
   1.2705422111597826     
   1.2714082140018494     
   1.2722746542603627     
   1.2731415323374369     
   1.2740088486352483     
   1.2748766035560355     
   1.2757447975020988     
   1.2766134308758017     
   1.2774825040795703     
   1.2783520175158944     
   1.2792219715873272     
   1.2800923666964863     
   1.2809632032460536     
   1.2818344816387757     
   1.2827062022774645     
   1.2835783655649973     
   1.2844509719043176     
   1.2853240216984345     
   1.2861975153504239     
   1.2870714532634289     
   1.2879458358406595     
   1.2888206634853934     
   1.2896959366009764     
   1.2905716555908224     
   1.2914478208584141     
   1.2923244328073031     
   1.2932014918411103     
   1.2940789983635266     
   1.2949569527783127     
   1.2958353554892996     
   1.2967142069003892     
   1.2975935074155545     
   1.2984732574388398     
   1.2993534573743613     
   1.3002341076263071     
   1.3011152085989381     
   1.3019967606965879     
   1.3028787643236628     
   1.3037612198846433     
   1.3046441277840832     
   1.3055274884266108     
   1.3064113022169286     
   1.3072955695598141     
   1.3081802908601201     
   1.3090654665227748     
   1.3099510969527823     
   1.3108371825552232     
   1.3117237237352539     
   1.3126107208981086     
   1.3134981744490981     
   1.3143860847936109     
   1.3152744523371134     
   1.3161632774851504     
   1.3170525606433452     
   1.3179423022173999     
   1.3188325026130960     
   1.3197231622362946     
   1.3206142814929362     
   1.3215058607890424     
   1.3223979005307147     
   1.3232904011241358     
   1.3241833629755697     
   1.3250767864913617     
   1.3259706720779394     
   1.3268650201418122     
   1.3277598310895724     
   1.3286551053278952     
   1.3295508432635390     
   1.3304470453033457     
   1.3313437118542411     
   1.3322408433232351     
   1.3331384401174224     
   1.3340365026439827     
   1.3349350313101804     
   1.3358340265233659     
   1.3367334886909752     
   1.3376334182205307     
   1.3385338155196411     
   1.3394346809960023     
   1.3403360150573969     
   1.3412378181116953     
   1.3421400905668557     
   1.3430428328309245     
   1.3439460453120364     
   1.3448497284184151     
   1.3457538825583732     
   1.3466585081403128     
   1.3475636055727260     
   1.3484691752641949     
   1.3493752176233915     
   1.3502817330590795     
   1.3511887219801129     
   1.3520961847954371     
   1.3530041219140898     
   1.3539125337452000     
   1.3548214206979896     
   1.3557307831817729     
   1.3566406216059570     
   1.3575509363800426     
   1.3584617279136242     
   1.3593729966163897     
   1.3602847428981215     
   1.3611969671686968     
   1.3621096698380872     
   1.3630228513163600     
   1.3639365120136779     
   1.3648506523402992     
   1.3657652727065785     
   1.3666803735229669     
   1.3675959552000123     
   1.3685120181483599     
   1.3694285627787517     
   1.3703455895020280     
   1.3712630987291272     
   1.3721810908710856     
   1.3730995663390384     
   1.3740185255442199     
   1.3749379688979637     
   1.3758578968117028     
   1.3767783096969701     
   1.3776992079653991     
   1.3786205920287236     
   1.3795424622987782     
   1.3804648191874989     
   1.3813876631069228     
   1.3823109944691894     
   1.3832348136865396     
   1.3841591211713171     
   1.3850839173359684     
   1.3860092025930428     
   1.3869349773551931     
   1.3878612420351757     
   1.3887879970458508     
   1.3897152428001831     
   1.3906429797112418     
   1.3915712081922011     
   1.3924999286563400     
   1.3934291415170432     
   1.3943588471878015     
   1.3952890460822114     
   1.3962197386139759     
   1.3971509251969048     
   1.3980826062449150     
   1.3990147821720305     
   1.3999474533923830     
   1.4008806203202122     
   1.4018142833698661     
   1.4027484429558013     
   1.4036830994925826     
   1.4046182533948850     
   1.4055539050774921     
   1.4064900549552977     
   1.4074267034433054     
   1.4083638509566294     
   1.4093014979104943     
   1.4102396447202359     
   1.4111782918013012     
   1.4121174395692486     
   1.4130570884397486     
   1.4139972388285837     
   1.4149378911516490     
   1.4158790458249524     
   1.4168207032646145     
   1.4177628638868696     
   1.4187055281080656     
   1.4196486963446644     
   1.4205923690132420     
   1.4215365465304892     
   1.4224812293132114     
   1.4234264177783293     
   1.4243721123428792     
   1.4253183134240126     
   1.4262650214389978     
   1.4272122368052189     
   1.4281599599401769     
   1.4291081912614894     
   1.4300569311868916     
   1.4310061801342362     
   1.4319559385214935     
   1.4329062067667520     
   1.4338569852882186     
   1.4348082745042192     
   1.4357600748331982     
   1.4367123866937197     
   1.4376652105044672     
   1.4386185466842438     
   1.4395723956519735     
   1.4405267578267003     
   1.4414816336275889     
   1.4424370234739250     
   1.4433929277851161     
   1.4443493469806910     
   1.4453062814803004     
   1.4462637317037172     
   1.4472216980708372     
   1.4481801810016786     
   1.4491391809163827     
   1.4500986982352144     
   1.4510587333785621     
   1.4520192867669381     
   1.4529803588209795     
   1.4539419499614472     
   1.4549040606092274     
   1.4558666911853313     
   1.4568298421108954     
   1.4577935138071820     
   1.4587577066955797     
   1.4597224211976028     
   1.4606876577348924     
   1.4616534167292168     
   1.4626196986024709     
   1.4635865037766773     
   1.4645538326739862     
   1.4655216857166762     
   1.4664900633271536     
   1.4674589659279536     
   1.4684283939417402     
   1.4693983477913066     
   1.4703688278995755     
   1.4713398346895992     
   1.4723113685845599     
   1.4732834300077704     
   1.4742560193826737     
   1.4752291371328439     
   1.4762027836819862     
   1.4771769594539375     
   1.4781516648726658     
   1.4791269003622716     
   1.4801026663469874     
   1.4810789632511787     
   1.4820557914993433     
   1.4830331515161124     
   1.4840110437262506     
   1.4849894685546561     
   1.4859684264263611     
   1.4869479177665323     
   1.4879279430004708     
   1.4889085025536124     
   1.4898895968515280     
   1.4908712263199240     
   1.4918533913846426     
   1.4928360924716617     
   1.4938193300070954     
   1.4948031044171948     
   1.4957874161283471     
   1.4967722655670770     
   1.4977576531600465     
   1.4987435793340553     
   1.4997300445160409     
   1.5007170491330788     
   1.5017045936123832     
   1.5026926783813070     
   1.5036813038673424     
   1.5046704704981204     
   1.5056601787014119     
   1.5066504289051277     
   1.5076412215373185     
   1.5086325570261758     
   1.5096244358000315     
   1.5106168582873583     
   1.5116098249167707     
   1.5126033361170241     
   1.5135973923170163     
   1.5145919939457868     
   1.5155871414325177     
   1.5165828352065334     
   1.5175790756973015     
   1.5185758633344328     
   1.5195731985476815     
   1.5205710817669453     
   1.5215695134222664     
   1.5225684939438309     
   1.5235680237619695     
   1.5245681033071581     
   1.5255687330100174     
   1.5265699133013133     
   1.5275716446119578     
   1.5285739273730088     
   1.5295767620156699     
   1.5305801489712918     
   1.5315840886713716     
   1.5325885815475537     
   1.5335936280316298     
   1.5345992285555388     
   1.5356053835513677     
   1.5366120934513516     
   1.5376193586878741     
   1.5386271796934676     
   1.5396355569008131     
   1.5406444907427408     
   1.5416539816522308     
   1.5426640300624126     
   1.5436746364065661     
   1.5446858011181210     
   1.5456975246306581     
   1.5467098073779086     
   1.5477226497937551     
   1.5487360523122315     
   1.5497500153675234     
   1.5507645393939684     
   1.5517796248260560     
   1.5527952720984286     
   1.5538114816458810     
   1.5548282539033611     
   1.5558455893059704     
   1.5568634882889634     
   1.5578819512877489     
   1.5589009787378896     
   1.5599205710751025     
   1.5609407287352592     
   1.5619614521543865     
   1.5629827417686661     
   1.5640045980144353     
   1.5650270213281869     
   1.5660500121465699     
   1.5670735709063894     
   1.5680976980446071     
   1.5691223939983412     
   1.5701476592048673     
   1.5711734941016184     
   1.5721998991261847     
   1.5732268747163145     
   1.5742544213099141     
   1.5752825393450482     
   1.5763112292599404     
   1.5773404914929727     
   1.5783703264826869     
   1.5794007346677839     
   1.5804317164871242     
   1.5814632723797286     
   1.5824954027847780     
   1.5835281081416137     
   1.5845613888897379     
   1.5855952454688138     
   1.5866296783186662     
   1.5876646878792813     
   1.5887002745908068     
   1.5897364388935529     
   1.5907731812279922     
   1.5918105020347597     
   1.5928484017546536     
   1.5938868808286348     
   1.5949259396978281     
   1.5959655788035221     
   1.5970057985871686     
   1.5980465994903845     
   1.5990879819549506     
   1.6001299464228129     
   1.6011724933360820     
   1.6022156231370341     
   1.6032593362681107     
   1.6043036331719192     
   1.6053485142912332     
   1.6063939800689926     
   1.6074400309483039     
   1.6084866673724403     
   1.6095338897848421     
   1.6105816986291173     
   1.6116300943490414     
   1.6126790773885578     
   1.6137286481917779     
   1.6147788072029818     
   1.6158295548666182     
   1.6168808916273048     
   1.6179328179298282     
   1.6189853342191454     
   1.6200384409403819     
   1.6210921385388342     
   1.6221464274599684     
   1.6232013081494217     
   1.6242567810530018     
   1.6253128466166873     
   1.6263695052866285     
   1.6274267575091470     
   1.6284846037307363     
   1.6295430443980621     
   1.6306020799579621     
   1.6316617108574472     
   1.6327219375437005     
   1.6337827604640789     
   1.6348441800661122     
   1.6359061967975042     
   1.6369688111061325     
   1.6380320234400487     
   1.6390958342474791     
   1.6401602439768244     
   1.6412252530766607     
   1.6422908619957388     
   1.6433570711829855     
   1.6444238810875029     
   1.6454912921585694     
   1.6465593048456393     
   1.6476279195983439     
   1.6486971368664907     
   1.6497669571000646     
   1.6508373807492280     
   1.6519084082643203     
   1.6529800400958590     
   1.6540522766945396     
   1.6551251185112359     
   1.6561985659970004     
   1.6572726196030645     
   1.6583472797808383     
   1.6594225469819117     
   1.6604984216580538     
   1.6615749042612140     
   1.6626519952435215     
   1.6637296950572860     
   1.6648080041549977     
   1.6658869229893281     
   1.6669664520131293     
   1.6680465916794354     
 
